1100929
1101324
1126076
1126084
1126086
1126506
1126514
1126518
1126524
1184078
1230672
1230729
1230731
1280802
1280804
1280808
1280810
1280812
1280814
1280816
1280820
1280822
1280824
1280826
1280828
1280830
1280832
1280834
1280836
1280838
1280840
1280842
1280844
1280846
1284069
1284071
1284073
1301751
1301757
1301763
1301769
1301772
1301775
1304442
1304484
1304487
1304505
1304511
1304513
1304515
1304517
1304519
1304525
1312946
1312949
1312952
1317010
1317012
1317014
1317016
1317018
1317020
1317022
1317024
1317047
1317049
1317051
1317053
1317055
1317057
1317059
1317061
1317065
1317067
1331063
1331065
1331067
1331069
1331071
1331073
1331075
1331077
1331079
1331081
1331083
1331085
1331088
1331091
1331094
1331097
1331100
1331103
1331105
1331107
1334427
1334429
1334431
1334439
1334443
1334445
1342576
1351047
1351051
1351053
1351055
1351057
1351059
1351061
1351063
1351065
1351067
1351069
1351071
1351073
1351097
1351142
1351151
1352058
1356508
1356510
1356512
1356520
1356522
1356524
1356526
1432464
1432465
1432466
1432693
1432733
1433826
1433829
1433832
1434850
1434851
1434852
1434853
1434854
1434855
1434856
1434857
1456084
1456086
1456088
1456090
1456092
1456094
1472996
1472997
1473005
1473011
1473012
1473013
1473018
1473019
1473028
1473030
1473037
1473038
1473042
1473043
1473044
1473045
1473048
1473049
1473051
1473052
1473053
1473059
1473060
1473061
1473066
1473067
1473068
1473069
1473074
1473077
1473078
1473084
1473085
1473086
1473088
1473089
1473090
1473092
1473096
1473097
1473098
1473101
1473102
1473103
1473104
1473111
1473116
1473117
1473118
1473119
1473125
1473126
1473127
1473130
1473134
1473135
1473136
1473141
1473147
1474814
1474815
1474816
1474817
1474818
1474819
1474820
1474821
1474822
1474823
1474824
1474825
1474826
1474827
1474828
1474829
1474830
1474831
1474832
1474833
1474834
1474835
1474836
1474837
1474838
1474839
1474840
1474841
1474842
1474843
1474844
1474845
1474846
1474847
1474848
1474849
1474850
1474851
1474852
1474853
1474854
1474855
1474856
1474857
1474858
1474859
1474860
1474861
1474862
1474863
1474864
1474865
1474866
1474867
1474868
1474869
1474870
1474871
1474872
1474873
1474874
1474875
1474876
1474877
1474878
1474879
1474880
1474881
1474882
1474883
1474884
1474885
1474886
1474887
1474888
1474889
1474890
1474891
1474892
1474893
1474894
1474895
1474896
1474897
1474898
1474899
1474900
1474901
1474902
1474903
1474904
1474905
1474906
1474907
1474908
1474909
1474910
1474911
1474912
1474913
1474914
1474915
1474916
1474917
1474918
1474919
1474920
1474921
1474922
1474923
1474924
1474925
1474926
1474927
1474928
1474929
1474930
1474931
1474932
1474933
1474934
1474935
1474936
1474937
1474938
1474939
1474940
1474941
1474942
1474943
1474944
1474945
1474946
1474947
1474948
1474949
1474950
1474951
1474952
1474953
1474954
1474955
1474956
1474957
1474958
1474959
1474960
1474961
1474962
1474963
1474964
1474965
1474966
1474967
1474968
1474969
1474970
1474971
1474972
1474973
1474974
1474975
1474976
1474977
1474978
1474979
1474980
1474981
1474982
1474983
1474984
1474985
1474986
1474987
1474988
1474989
1474990
1474991
1474992
1474993
1474994
1474995
1474996
1474997
1474998
1474999
1475000
1475001
1475002
1475003
1475004
1475005
1475006
1475007
1475008
1475009
1475010
1475011
1475012
1475013
1475014
1475015
1475016
1475017
1475018
1475019
1475020
1475021
1475022
1475023
1475024
1475025
1475026
1475027
1475028
1475029
1475030
1475031
1475032
1475033
1475034
1475035
1475036
1475037
1475038
1475039
1475040
1475041
1475042
1475043
1475044
1475045
1475046
1475047
1475048
1475049
1475050
1475051
1475052
1475053
1475054
1475055
1475056
1475057
1475058
1475059
1475060
1475061
1475062
1475063
1475064
1475065
1475066
1475067
1475068
1475069
1475070
1475071
1475072
1475073
1475074
1475075
1475076
1475077
1475078
1475079
1475080
1475081
1475082
1475083
1475084
1475085
1475086
1475087
1475088
1475089
1475090
1475091
1475092
1475093
1475094
1475095
1475096
1475097
1475098
1475099
1475100
1475101
1475102
1475103
1475104
1475105
1475106
1475107
1475108
1475109
1475110
1475111
1475112
1475113
1475114
1475115
1475116
1475117
1475118
1475119
1475120
1475121
1475122
1475123
1475124
1475125
1475126
1475127
1475128
1475129
1475130
1475131
1475132
1475133
1475134
1475135
1475136
1475137
1475138
1475139
1477125
1477297
1477298
1477299
1477300
1477301
1477302
1477303
1477304
1477305
1477306
1477307
1477308
1481427
1481428
1481429
1481430
1481431
1481432
1481433
1481434
1481435
1481436
1500308
1500309
1500310
1529892
1529893
1529894
1529895
1542854
1542855
1542856
1542857
1542858
1542859
1542860
1542861
1542862
1542863
1542864
1542865
1542866
1542867
1542868
1542869
1542870
1542871
1542872
1542873
1542874
1542875
1542876
1542877
1542878
1542879
1542880
1542881
1542882
1542883
1542884
1542885
1542886
1551801
1551805
1551809
1551811
1551816
1551820
1551822
1551831
1551837
1551844
1551851
1551877
1551879
1551882
1558609
1558610
1558611
1558612
1558613
1558614
1560504
1560505
1560508
1560509
1560510
1560511
1560512
1560513
1560514
1560515
1560516
1560518
1560519
1560520
1560524
1560528
1560529
1560530
1560531
1560532
1560534
1560535
1560536
1560537
1560539
1560540
1560541
1560542
1560543
1560544
1560546
1560548
1560549
1560551
1560552
1560554
1560555
1560556
1560557
1560558
1560559
1560560
1560562
1560563
1560564
1560565
1560566
1560567
1560568
1560569
1560570
1560571
1560573
1560574
1560575
1560576
1560577
1560579
1560580
1560581
1560582
1560583
1560584
1560585
1560586
1560587
1560588
1560589
1560590
1560591
1560592
1560593
1560594
1560595
1565432
1565433
1565434
1565435
1565436
1566723
1566724
1566725
1566726
1566727
1566728
1566729
1566730
1566731
1566732
1567640
1567641
1567642
1567643
1567644
1567645
1567646
1567647
1567648
1567649
1567650
1567651
1567652
1567653
1567654
1567655
1567656
1567657
1567897
1567898
1567899
1567900
1568807
1568808
1568809
1568810
1568811
1568812
1568813
1569182
1569184
1569185
1569186
1569187
1569188
1569189
1604868
1604869
1604870
1604871
1604872
1604873
1604874
1604875
1629820
1629821
1629822
1629823
1629824
1629825
1629826
1629827
1629829
1629831
1629832
1629833
1629834
1629835
1629836
1629837
1629838
1629839
1629840
1629841
1629842
1629843
1629844
1629845
1629846
1629847
1629848
1629849
1629850
1629851
1629853
1629854
1629855
1629856
1629857
1629858
1629859
1629860
1629861
1629862
1629863
1629864
1629865
1629866
1629867
1629868
1629870
1629871
1629872
1629873
1629874
1629875
1629876
1629877
1629878
1629879
1629880
1629882
1629883
1629884
1629885
1629886
1629887
1629888
1629889
1629890
1629891
1629892
1629893
1629894
1629895
1629896
1629897
1629898
1629899
1629900
1629901
1629902
1629903
1629904
1629905
1629906
1629907
1629908
1629909
1629910
1629911
1629912
1629913
1629914
1629915
1629916
1629917
1629918
1629919
1629920
1629921
1629922
1629923
1629924
1629925
1629926
1629927
1629928
1629929
1629930
1629931
1629932
1629933
1629934
1629935
1629936
1629937
1629938
1629939
1629940
1629941
1629942
1629943
1629945
1629982
1629983
1629984
1629985
1629986
1629987
1630792
1630793
1630794
1630795
1630796
1630797
1630798
1630799
1630800
1630801
1630802
1630803
1630804
1630805
1630806
1630807
1630808
1630809
1630810
1630811
1630812
1630813
1630814
1630815
1630816
1630817
1630818
1630819
1630820
1630821
1630822
1630823
1630824
1630825
1630826
1630827
1630828
1630829
1630830
1630831
1630832
1630833
1630834
1630835
1630836
1630837
1630838
1630839
1630840
1630841
1630842
1630843
1630844
1630845
1630846
1630847
1630848
1630849
1630850
1630851
1630852
1630853
1630854
1630855
1630856
1630857
1630858
1630859
1630860
1630861
1630862
1630863
1630864
1630865
1630866
1630867
1630868
1630869
1630870
1630871
1630872
1630873
1630874
1630875
1630876
1630877
1630878
1630879
1630880
1630881
1630882
1630883
1630884
1630885
1630886
1630887
1630888
1630889
1630890
1630891
1630892
1630893
1630897
1630898
1630899
1635918
1635919
1635920
1635921
1635922
1635923
1645677
1645678
1645679
1645680
1645681
1645682
1645683
1645684
1645685
1645686
1645820
1645821
1645822
1645823
1645824
1645825
1645826
1645827
1645963
1645964
1645965
1645966
1645967
1645968
1645969
1645970
1650294
1650295
1650296
1650297
1650298
1650299
1650301
1650302
1650303
1650304
1650305
1650306
1650307
1650308
1650309
1650310
1650311
1650312
1650313
1650315
1650316
1650317
1650318
1650319
1650321
1650322
1650323
1650324
1650325
1650326
1650327
1650328
1650329
1650330
1650331
1650332
1650333
1650334
1650335
1650336
1650337
1650338
1650339
1650340
1650341
1650342
1650343
1650346
1650347
1650348
1650349
1650351
1650352
1650353
1650354
1650355
1650356
1650357
1650358
1650359
1650360
1650361
1650362
1650363
1650364
1650365
1650366
1650367
1650368
1650369
1650370
1650371
1650372
1650373
1650375
1650376
1650377
1650378
1650379
1650380
1650381
1650382
1650383
1650384
1650385
1650386
1650387
1650388
1650389
1650390
1650391
1650392
1650393
1650395
1650396
1650397
1650398
1650399
1650400
1650402
1650403
1650404
1650405
1650406
1650407
1650408
1650409
1650410
1650411
1650412
1650414
1650415
1650416
1650417
1650418
1650420
1650421
1650422
1650423
1650424
1650425
1650426
1650428
1650429
1650430
1650431
1650432
1650433
1650434
1650435
1650437
1650439
1650440
1650441
1650442
1650443
1650444
1650445
1650446
1650447
1650448
1650449
1650450
1650451
1650452
1650453
1650454
1650455
1650456
1650457
1650458
1650459
1650460
1650461
1650462
1650463
1650464
1650465
1650466
1650467
1650468
1650469
1650470
1650471
1650472
1650473
1650474
1650475
1650476
1650477
1650478
1650479
1650480
1650481
1650482
1650483
1650484
1650485
1650486
1650487
1650488
1650489
1650490
1650491
1650492
1650493
1650494
1650495
1650919
1650920
1650921
1650923
1650924
1650925
1650930
1650934
1650935
1650937
1650938
1650940
1650941
1650942
1650943
1650944
1650945
1650946
1650947
1650948
1650950
1650951
1650953
1650954
1650955
1650956
1650958
1650959
1650960
1650961
1650962
1650963
1650964
1650966
1650967
1650970
1650971
1650974
1650975
1650976
1650977
1650978
1650979
1650980
1650981
1650982
1650983
1650984
1650985
1650986
1650987
1650988
1650989
1650990
1650991
1650992
1650993
1650994
1650995
1650996
1650997
1650998
1650999
1651000
1651001
1651002
1651003
1651004
1651005
1651006
1651007
1651008
1651009
1651010
1651011
1651012
1651013
1651014
1651015
1651016
1651018
1651019
1651020
1651021
1651022
1651023
1651024
1651025
1651026
1651027
1651028
1651029
1651030
1651031
1651032
1651033
1651034
1651035
1651036
1651038
1651039
1651040
1651041
1651042
1651043
1651045
1651046
1651047
1651048
1651049
1651050
1651051
1651052
1651053
1651054
1651055
1651056
1651057
1651060
1651061
1651062
1651063
1651064
1651065
1651066
1651067
1651068
1651069
1651070
1651071
1651072
1651073
1651074
1651075
1651076
1651077
1651079
1651081
1651082
1651083
1651084
1651085
1651086
1651087
1651088
1651089
1651090
1651091
1651092
1651093
1651094
1651095
1651096
1651097
1651098
1651099
1651100
1651101
1651102
1651103
1651104
1651105
1651106
1651107
1651108
1651109
1651110
1651112
1651113
1651114
1651115
1651116
1651117
1651118
1651119
1651120
1651121
1651122
1651123
1651124
1651125
1651126
1651127
1651129
1651130
1651131
1651133
1651135
1651136
1651137
1651138
1651139
1651140
1651141
1651142
1651143
1651144
1651145
1651146
1651147
1651148
1651149
1651152
1651153
1651154
1651155
1651156
1651157
1651158
1651159
1651162
1651163
1651166
1651167
1651168
1651170
1651171
1651172
1651173
1651174
1651175
1651176
1651177
1651178
1651179
1651180
1651181
1651182
1651184
1651185
1651186
1651187
1651188
1651189
1651190
1651191
1651192
1651193
1651195
1651196
1651197
1651198
1651199
1651200
1651201
1651202
1651203
1651204
1651205
1651206
1651207
1651208
1651212
1651213
1651214
1651215
1651216
1651217
1651218
1651219
1651220
1651221
1651222
1651223
1651224
1651225
1651226
1651227
1651228
1651229
1651230
1651231
1651232
1651233
1651234
1651235
1651236
1651237
1651238
1651239
1651240
1651241
1651242
1651243
1651244
1651245
1651246
1651247
1651250
1651251
1651252
1651253
1651254
1651255
1651256
1651257
1651258
1651259
1651260
1651261
1651262
1651263
1651264
1651265
1651266
1651267
1651268
1651269
1651270
1651271
1651272
1651273
1651274
1651275
1651276
1651277
1651278
1651279
1651280
1651281
1651282
1651283
1651284
1651287
1651288
1651291
1651292
1651293
1651294
1651295
1651296
1651298
1651299
1651302
1651303
1651304
1651305
1651306
1651307
1651308
1651309
1651310
1651311
1651312
1651313
1651315
1651320
1651322
1651323
1651324
1651325
1651326
1651327
1651330
1651331
1651333
1651335
1651336
1651337
1651338
1651339
1651341
1651510
1651511
1651513
1651514
1651515
1651516
1651518
1651520
1651521
1651522
1651523
1651524
1651525
1651526
1651527
1651528
1651529
1651530
1651531
1651532
1651533
1651534
1651537
1651538
1651539
1651540
1651541
1651542
1651543
1651544
1651545
1651546
1651547
1651548
1651550
1651551
1651553
1651554
1651555
1651556
1651557
1651558
1651559
1651560
1651561
1651562
1651564
1651565
1651566
1651567
1651568
1651569
1651570
1651572
1651573
1651574
1651575
1651576
1651577
1651579
1651582
1651583
1651584
1651585
1651586
1651590
1651591
1651592
1651593
1651595
1651597
1651598
1651601
1651602
1651604
1651606
1651607
1651608
1651609
1651610
1651611
1651612
1651613
1651615
1651616
1651617
1651619
1651632
1651633
1651634
1651635
1651637
1651638
1651639
1651645
1651647
1651648
1651649
1651650
1651651
1651652
1651653
1651654
1651655
1651656
1651658
1651660
1651661
1651662
1651664
1651665
1651666
1651667
1651668
1651669
1651670
1651671
1651672
1651673
1651675
1651676
1651677
1652824
1652825
1652826
1652827
1652828
1652829
1652830
1652831
1652832
1652833
1652834
1652835
1652836
1652837
1652838
1652839
1652840
1652841
1652842
1652843
1652844
1652845
1652846
1652847
1652848
1652849
1652850
1652851
1652852
1652853
1652854
1652855
1652856
1652857
1652858
1652859
1652860
1652861
1652862
1652863
1652864
1652865
1652866
1652867
1652868
1652869
1652870
1652871
1652872
1652873
1652874
1652875
1652876
1652877
1652878
1652879
1652880
1652881
1652882
1652883
1652884
1652885
1652886
1652887
1652888
1652889
1652890
1652891
1652892
1652893
1652894
1652895
1652896
1652897
1652898
1652899
1652900
1652901
1652902
1652903
1652904
1652905
1652906
1652907
1652908
1652909
1652910
1652911
1652912
1652913
1652914
1652915
1652916
1652917
1652918
1652919
1652920
1652921
1652922
1652923
1652924
1652925
1652926
1652927
1652928
1652929
1652930
1652931
1652932
1652933
1652934
1652935
1652936
1652960
1652961
1652962
1652963
1652964
1652965
1652966
1652967
1652968
1652969
1652970
1652971
1652972
1652973
1652974
1652975
1652976
1652977
1652978
1652979
1652980
1652981
1652982
1652983
1653051
1653053
1653054
1653055
1653056
1653058
1653059
1653060
1653061
1653062
1653063
1653064
1653065
1653066
1653067
1653068
1653071
1653072
1653073
1653074
1653075
1653076
1653077
1653078
1653079
1653080
1653081
1653082
1653083
1653084
1653085
1653086
1653087
1653088
1653089
1653090
1653092
1653093
1653094
1653095
1653096
1653097
1653098
1653099
1653100
1653101
1653102
1653103
1653104
1653105
1653106
1653107
1653108
1653109
1653110
1653111
1653112
1653113
1653114
1653115
1653116
1653117
1653145
1653146
1653147
1653148
1653149
1653150
1653151
1653152
1653153
1653154
1653155
1653156
1653157
1653158
1653159
1653160
1653161
1653162
1653163
1653164
1653165
1653166
1653167
1653168
1653169
1653170
1653171
1653172
1653173
1653174
1653175
1653176
1653393
1653408
1659930
1659932
1659933
1659934
1659935
1659936
1659937
1659938
1659939
1659940
1659941
1659943
1659945
1659946
1659947
1659949
1659950
1659951
1659952
1659953
1659954
1659955
1659956
1659957
1659958
1659959
1659960
1659961
1659963
1659964
1659965
1659967
1659968
1659969
1659970
1659972
1659973
1659974
1659977
1659978
1659979
1659980
1659982
1659983
1659984
1659985
1659986
1659987
1659988
1659989
1659990
1659992
1659993
1659994
1659995
1659996
1659997
1659998
1659999
1660000
1660001
1660003
1660004
1660005
1660006
1660007
1669604
1669605
1669606
1669607
1669608
1669609
1669610
1673882
1673883
1673884
1673885
1673886
1673887
1673888
1673889
1673890
1673891
1673892
1673893
1673894
1673895
1673896
1673897
1673898
1673899
1673900
1673901
1673902
1673903
1673904
1673905
1673906
1675356
1675357
1675358
1675359
1675360
1675361
1675362
1687979
1687981
1687982
1687983
1687984
1687985
1687986
1687987
1687988
1687989
1687990
1687991
1687992
1687993
1687994
1687996
1687998
1687999
1688000
1688001
1688002
1688003
1688004
1688005
1688007
1688008
1688009
1688011
1688015
1688016
1688017
1688018
1688019
1688020
1688021
1688022
1688024
1688025
1688026
1688027
1688028
1688029
1688030
1688031
1688033
1688034
1688035
1688036
1688037
1688038
1688039
1688040
1688041
1688042
1688044
1688047
1688049
1688050
1688051
1688052
1688053
1688054
1688055
1688056
1688057
1688058
1688059
1688060
1688061
1688062
1688063
1688064
1688065
1689644
1689645
1689646
1689647
1689648
1689649
1689650
1689651
1689652
1689653
1689654
1689655
1689656
1689657
1689658
1689659
1689660
1689661
1689662
1689663
1689664
1689665
1689666
1689667
1689668
1689669
1689670
1689671
1689672
1689673
1689674
1689675
1689676
1689677
1689678
1689679
1689680
1689681
1689682
1689683
1689684
1689685
1689686
1689687
1689688
1689689
1689690
1689691
1689692
1689693
1689694
1689695
1689696
1689697
1689698
1689699
1689700
1689701
1689702
1689703
1689704
1689706
1689707
1689708
1689709
1689710
1689711
1689712
1689713
1689714
1689715
1691445
1691446
1691447
1691448
1691449
1691450
1691451
1691452
1691453
1691454
1691455
1691456
1691457
1691458
1691459
1691460
1691461
1691462
1691463
1691464
1691465
1691466
1691467
1691468
1691469
1691470
1691471
1691472
1691473
1691474
1691475
1691476
1691477
1691478
1691479
1691480
1691481
1691482
1691483
1691484
1691485
1691486
1691487
1691488
1691489
1691490
1691491
1691492
1691493
1691494
1691495
1691496
1691497
1691498
1691499
1691500
1691501
1691502
1691503
1691504
1691505
1691506
1691507
1691508
1691509
1691510
1691511
1691512
1691513
1691514
1691515
1691516
1691517
1691518
1691519
1691520
1691521
1691522
1691523
1691524
1691525
1691526
1691527
1691528
1691529
1691530
1691531
1691532
1691533
1691534
1691535
1691536
1691537
1691538
1691539
1691540
1691541
1691542
1691543
1691544
1691545
1691546
1691547
1691548
1691549
1691550
1691551
1691552
1691553
1691554
1691555
1691556
1691630
1691631
1691632
1691633
1691634
1691635
1691636
1691637
1691638
1691639
1691640
1691641
1691642
1691643
1691644
1691645
1691646
1691647
1691648
1691649
1691650
1691651
1691652
1691653
1691654
1691655
1691656
1691657
1691658
1691659
1691660
1691661
1692651
1692652
1692653
1692654
1692655
1692656
1692657
1692658
1692659
1692660
1697568
1697569
1697584
1697590
1697598
1713723
1713729
1713731
1713733
1713734
1713735
1713737
1713739
1713751
1713760
1713767
1713769
1713787
1713789
1713790
1713791
1713794
1713795
1713800
1713801
1713812
1713814
1713815
1713823
1714876
1714877
1714878
1714879
1714880
1714881
1714882
1714883
1714884
1716835
1716836
1716837
1716838
1716839
1716840
1716841
1716842
1717243
1723803
1723804
1723805
1723806
1723807
1723808
1723809
1723810
1723811
1723812
1723813
1723814
1723815
1723816
1723817
1723818
1723819
1723820
1723821
1723822
1723823
1723824
1723825
1723826
1723827
1723828
1723829
1723830
1723831
1723832
1723833
1723834
1723835
1723836
1723837
1723838
1723839
1723840
1723841
1723842
1723843
1723844
1723845
1723846
1723847
1723848
1723849
1723850
1723851
1723852
1723853
1723854
1723855
1723856
1723857
1723858
1723859
1723860
1723861
1723862
1723863
1723864
1723865
1723866
1723867
1731118
1731120
1731122
1731123
1731124
1731125
1731126
1731127
1731128
1731130
1731131
1731132
1731135
1731136
1731137
1731138
1731139
1731146
1731166
1731167
1731168
1731169
1731170
1731171
1731173
1731174
1731175
1731176
1731177
1731178
1731179
1731180
1731182
1731184
1731186
1731187
1731188
1731189
1731190
1731194
1731195
1731196
1731197
1731198
1731199
1731200
1731201
1731227
1731228
1731229
1731232
1731233
1731234
1731235
1731236
1731237
1731238
1731239
1731240
1731241
1731244
1731246
1731248
1731250
1731251
1731252
1731253
1731254
1731255
1731256
1731257
1731258
1731260
1731261
1731262
1731263
1731264
1731265
1731266
1731267
1731268
1731269
1731274
1731275
1731276
1731277
1731278
1731279
1731280
1731281
1731282
1731283
1731299
1731300
1731301
1731302
1731303
1731304
1731306
1731307
1731308
1731309
1731310
1731311
1731312
1731314
1731315
1731316
1731317
1731318
1731319
1731320
1731321
1731324
1731328
1731330
1731332
1731333
1731334
1731335
1731337
1731338
1731339
1731340
1731342
1731343
1731344
1731345
1731346
1731347
1731348
1731349
1731350
1731351
1731352
1731353
1731354
1731365
1731366
1731367
1731368
1731369
1731608
1731609
1731610
1731611
1731612
1731613
1731614
1731615
1731616
1731617
1731618
1731619
1731620
1731621
1731622
1731623
1731624
1731625
1731626
1731627
1731628
1731629
1731630
1731631
1731632
1731633
1731634
1731635
1731636
1731637
1731638
1731639
1731640
1731641
1731642
1731645
1732865
1732866
1732867
1732868
1732869
1732870
1732871
1732872
1732873
1732874
1732875
1732876
1732877
1732878
1732879
1732880
1732881
1732882
1732883
1732884
1732885
1732886
1732887
1732888
1732889
1732890
1732891
1732892
1732893
1732898
1732899
1732900
1732901
1732902
1732903
1732904
1732906
1732908
1732909
1732910
1732911
1732912
1732913
1732914
1732915
1732916
1732917
1732918
1732919
1732920
1732921
1732922
1732923
1732924
1732925
1732926
1732927
1732928
1732929
1732931
1732933
1732934
1732937
1732938
1732939
1732940
1732941
1732944
1732945
1732946
1732948
1732950
1732951
1732953
1732956
1734959
1735389
1735390
1735391
1735392
1735393
1735394
1735395
1735396
1735397
1735398
1735399
1735400
1735401
1735402
1735403
1735404
1735405
1735406
1735407
1735408
1735409
1735410
1735411
1735412
1735413
1735414
1735415
1735416
1735417
1735418
1735419
1735420
1735421
1735422
1735423
1735424
1735425
1735426
1735427
1735428
1735429
1735430
1735431
1735432
1735433
1735434
1735435
1735436
1735437
1735438
1735439
1735440
1735441
1735442
1735443
1735444
1735445
1735446
1735447
1735448
1735449
1735450
1735451
1735452
1735453
1735454
1735455
1735456
1735457
1735458
1735459
1735460
1735461
1735462
1735463
1735464
1735465
1735466
1735467
1735468
1735469
1735470
1735471
1735472
1735473
1735474
1735475
1735476
1735477
1735478
1735479
1735480
1737639
1737640
1737643
1737644
1737645
1737646
1737647
1737648
1737649
1737650
1737651
1737652
1737653
1737655
1737656
1737657
1737660
1737661
1737662
1737664
1737665
1745097
1745098
1745099
1745100
1745101
1745102
1745103
1745104
1745105
1745106
1745107
1745108
1745109
1745110
1745111
1745112
1745778
1745779
1745780
1745781
1745782
1745783
1745784
1745785
1745786
1745787
1745788
1745789
1745790
1745791
1745792
1749369
1749372
1749376
1749380
1749385
1749386
1749387
1749388
1751515
1751592
1751593
1751594
1751595
1751596
1751597
1751598
1751955
1751956
1751957
1751958
1751959
1751960
1751961
1751962
1751963
1751964
1758083
1759178
1759179
1759185
1759186
1759193
1759195
1759199
1759200
1759224
1759225
1759236
1759242
1759391
1759392
1759393
1759394
1759395
1759396
1759397
1759398
1759399
1759400
1759401
1759402
1759403
1759404
1759405
1759406
1759407
1759410
1759411
1759412
1759413
1759414
1759415
1759416
1759417
1759420
1759421
1759422
1759423
1759424
1759427
1759428
1759429
1759430
1759431
1759432
1759433
1759434
1759435
1759436
1759437
1759438
1761694
1762532
1762533
1762534
1762535
1762536
1762537
1762538
1762539
1762540
1762541
1762542
1762543
1762544
1762545
1762546
1762548
1762550
1762551
1764080
1764081
1764082
1764083
1764084
1764085
1764086
1764087
1764088
1764089
1765081
1765082
1765083
1765084
1765085
1765086
1765087
1765088
1765089
1765090
1765091
1765092
1765093
1765094
1765095
1765096
1765097
1765098
1765099
1765100
1765101
1765102
1765103
1765104
1765105
1765106
1765107
1765108
1765109
1765110
1765111
1765112
1765113
1765114
1765115
1765116
1765117
1765118
1765119
1765120
1765121
1765122
1765123
1765124
1765125
1765126
1765127
1765128
1765129
1765130
1765131
1765132
1765133
1765134
1765135
1765136
1765137
1765138
1765139
1765140
1765141
1765142
1765143
1765144
1765145
1765146
1765147
1765148
1765149
1765150
1765151
1765152
1765153
1765154
1765155
1765156
1765157
1765158
1765159
1765160
1765161
1765162
1765163
1765164
1765165
1765166
1765167
1765168
1765169
1765170
1765171
1765172
1765173
1765174
1765175
1765176
1765177
1765178
1765179
1765180
1765181
1765182
1765183
1765184
1765185
1765186
1765187
1765188
1765189
1765190
1765191
1765192
1765193
1765194
1765195
1765196
1765197
1765198
1765199
1765200
1765201
1765202
1765203
1765204
1765205
1765206
1765207
1765208
1765209
1765210
1765211
1765212
1765213
1765214
1765215
1765216
1765217
1765218
1765219
1765220
1765221
1765222
1765223
1765224
1765225
1765226
1765227
1765228
1765229
1765230
1765231
1765232
1765233
1765234
1765235
1765236
1765237
1765238
1765239
1765240
1765241
1765242
1765243
1765244
1765245
1765246
1765247
1765248
1765249
1765250
1765251
1765252
1765253
1765254
1765255
1765256
1765257
1765258
1765259
1765260
1765261
1765262
1765263
1766747
1766748
1766749
1766750
1766751
1766752
1766753
1766754
1766755
1766756
1766757
1766758
1766759
1766760
1766761
1766762
1766763
1766764
1766765
1766766
1766767
1766768
1766769
1766770
1766771
1766772
1766773
1766774
1766775
1766776
1766777
1766778
1766779
1766780
1766781
1766782
1766783
1766784
1766785
1766786
1766787
1766788
1766789
1766790
1766791
1766792
1766793
1766794
1766795
1766796
1766797
1766798
1766799
1766800
1766801
1766802
1766803
1766804
1766805
1766806
1766807
1766808
1766809
1766810
1766811
1766812
1766813
1766814
1767221
1767222
1767223
1767224
1767225
1767226
1767227
1767228
1767229
1767230
1767231
1767232
1767233
1767234
1767235
1767236
1767237
1767238
1767239
1767240
1767241
1767242
1779195
1779226
1779227
1779228
1779229
1779230
1779231
1779232
1779233
1779234
1779235
1779236
1779237
1779238
1779239
1779240
1779241
1779242
1779243
1779244
1779245
1779246
1779247
1779248
1779249
1779250
1779251
1779252
1779253
1779255
1779256
1779257
1779259
1779260
1779264
1779266
1779267
1779276
1779280
1779281
1779284
1779288
1779290
1779291
1779300
1779303
1779305
1779306
1779309
1779311
1779312
1779314
1779315
1779318
1779319
1779320
1779321
1779322
1779335
1779337
1779338
1779342
1779383
1779384
1779385
1779393
1779411
1779419
1779428
1779434
1779435
1779437
1779439
1779441
1779444
1779445
1779448
1779450
1779451
1779455
1779456
1779457
1779459
1779461
1779468
1779469
1779487
1779489
1779491
1779493
1779497
1779498
1779500
1779501
1779502
1779520
1779521
1779523
1779524
1779525
1779526
1779528
1779529
1779531
1779533
1779534
1779535
1779537
1779543
1779544
1779545
1779549
1779550
1779551
1779553
1779556
1779558
1779560
1779562
1779578
1779579
1779594
1779601
1779607
1779620
1779636
1779637
1779638
1779639
1779640
1779641
1779644
1779645
1779647
1779649
1779650
1779766
1779767
1779768
1779769
1779770
1779771
1779772
1779773
1779774
1779775
1779776
1779777
1779779
1779782
1779783
1779784
1779785
1779786
1779787
1779788
1779789
1779790
1779791
1779792
1779793
1779795
1779798
1779799
1779800
1779801
1779802
1779803
1779805
1779806
1779807
1779808
1779809
1779810
1779811
1779812
1779813
1779814
1779815
1779816
1779817
1779818
1779819
1779820
1779821
1779822
1779823
1779824
1779825
1779826
1779827
1779828
1779829
1779830
1779831
1779832
1779833
1779834
1779835
1779836
1779837
1779838
1779839
1779840
1779841
1779842
1779843
1779844
1779845
1779846
1779847
1779848
1779849
1779850
1779851
1779852
1779853
1779854
1779855
1779856
1779857
1779858
1779859
1779860
1779861
1779862
1779863
1779864
1779865
1779866
1779867
1779868
1779869
1779870
1779871
1779873
1779874
1779875
1779876
1779877
1779878
1779879
1779880
1779882
1779883
1779884
1779886
1779887
1779888
1779889
1779890
1779891
1779892
1779893
1779894
1779895
1779896
1779897
1779898
1779899
1779900
1779901
1779902
1779903
1779904
1779905
1779906
1779907
1779908
1779909
1779910
1779911
1779912
1779913
1779914
1779915
1779916
1779917
1779918
1779919
1779920
1779921
1779922
1779923
1779924
1779925
1779926
1779927
1779928
1779929
1779930
1779931
1779932
1779933
1779934
1779935
1779936
1779937
1779938
1779939
1779940
1779941
1779942
1779943
1779944
1779945
1779946
1779947
1779948
1779949
1779950
1779951
1779952
1779953
1779954
1779955
1779956
1779957
1779958
1779959
1779960
1779961
1779962
1779963
1779964
1779965
1779966
1779968
1779969
1779970
1779971
1779972
1779973
1779974
1779975
1779976
1779977
1779978
1779979
1779980
1779981
1779982
1779983
1779984
1779985
1779986
1779987
1779988
1779989
1779990
1779991
1779992
1779993
1779994
1779995
1779996
1779997
1779998
1779999
1780000
1780001
1780002
1780003
1780004
1780005
1780006
1780007
1780008
1780009
1780010
1780011
1780012
1780013
1780014
1780015
1780016
1780017
1780018
1780019
1780020
1780021
1780022
1780023
1780024
1780025
1780026
1780027
1780028
1780029
1780030
1780031
1780032
1780033
1780034
1780035
1780036
1780037
1780038
1780039
1780040
1780041
1780042
1780043
1780044
1780045
1780046
1780047
1780048
1780049
1780050
1780051
1780052
1780054
1780055
1780056
1780057
1780058
1780059
1780060
1780061
1780062
1780063
1780064
1780065
1780066
1780067
1780068
1780069
1780070
1780072
1780073
1780074
1780075
1780076
1780077
1780078
1780079
1780080
1780081
1780082
1780083
1780085
1780086
1780087
1780088
1780089
1780090
1780091
1780092
1780093
1780094
1780095
1780096
1780097
1780099
1780101
1780102
1780104
1780105
1780107
1780109
1780111
1780113
1780115
1780116
1780118
1780120
1780121
1780122
1780123
1780124
1780125
1780126
1780127
1780128
1780129
1780130
1780131
1780132
1780133
1780134
1780135
1780136
1780137
1780138
1780139
1780141
1780142
1780143
1780144
1780145
1780146
1780147
1780148
1780149
1780150
1780151
1780152
1780153
1780154
1780155
1780156
1780157
1780158
1780159
1780160
1780161
1780162
1780163
1780164
1780165
1780166
1780167
1780168
1780170
1780171
1780172
1780173
1780174
1780176
1780178
1780179
1780181
1780182
1780183
1780184
1780185
1780187
1780188
1780189
1780191
1780192
1780193
1780194
1780195
1780196
1780197
1780199
1780201
1780202
1780204
1780206
1780207
1780208
1780209
1780210
1780211
1780213
1780214
1780215
1780216
1780217
1780218
1780219
1780220
1780221
1780222
1780223
1780224
1780225
1780226
1780227
1780228
1780229
1780230
1780231
1780232
1780233
1780234
1780235
1780236
1780237
1780238
1780241
1780257
1780274
1780290
1780305
1780322
1780339
1780355
1780371
1780387
1780404
1780410
1780425
1780446
1780462
1780475
1780481
1780488
1780498
1780511
1780550
1780563
1780577
1780617
1780654
1780667
1780674
1780681
1780705
1780732
1780758
1780772
1780786
1780809
1780822
1780846
1780875
1780882
1780891
1780912
1780932
1780938
1780945
1780952
1780959
1780966
1780973
1780987
1781001
1781015
1781022
1781029
1781036
1781045
1781060
1781075
1781090
1781104
1781111
1781118
1781125
1781144
1781163
1781179
1781228
1781255
1781262
1781269
1781276
1781283
1781291
1781304
1781311
1781318
1781334
1781347
1781437
1781454
1781472
1781485
1781500
1781506
1781514
1781520
1781527
1781534
1781542
1781549
1781556
1781563
1781577
1781584
1781591
1781598
1781625
1781653
1781674
1781695
1781708
1781715
1781722
1781729
1781761
1781793
1781809
1781825
1781840
1781847
1781859
1781877
1781896
1781942
1781953
1781960
1781967
1781974
1782061
1782104
1782119
1782130
1782142
1782159
1782175
1782191
1782223
1782254
1782270
1782287
1782304
1782321
1782337
1782350
1782368
1782379
1782386
1782392
1782427
1782443
1782475
1782491
1782524
1782544
1782561
1782577
1782592
1782609
1782626
1782642
1782659
1782675
1782691
1782722
1782733
1782751
1782765
1782783
1782798
1782814
1782830
1782843
1782861
1782877
1782888
1782904
1782920
1782952
1782969
1782987
1783002
1783015
1783033
1783058
1783065
1783167
1783174
1783181
1783303
1783304
1783305
1783306
1783307
1783308
1783309
1783310
1783312
1783313
1783314
1783316
1783317
1783318
1783319
1783320
1783321
1783322
1783323
1783324
1783325
1783326
1783328
1783331
1783332
1783336
1783337
1783338
1783339
1783340
1783341
1783342
1783343
1783344
1783345
1783346
1783347
1783348
1783349
1783350
1783351
1783353
1783354
1783355
1783356
1783357
1783358
1783360
1783361
1783362
1783363
1783364
1783366
1783367
1783369
1783370
1783371
1783373
1783374
1783375
1783379
1783380
1783381
1783382
1783383
1783384
1783385
1783387
1783389
1783390
1783391
1783392
1783393
1783394
1783395
1783396
1783397
1783398
1783400
1783403
1783405
1783407
1783410
1783412
1783414
1783416
1783418
1783419
1783420
1783421
1783422
1783423
1783424
1783425
1783426
1783427
1783428
1783429
1783430
1783431
1783432
1783433
1783434
1783435
1783436
1783437
1783438
1783439
1783442
1783443
1783444
1783445
1783446
1783447
1783448
1783449
1783450
1783451
1783452
1783453
1783454
1783455
1783456
1783457
1783460
1783461
1783463
1783464
1783465
1783466
1783467
1783468
1783469
1783470
1783471
1783475
1783476
1783477
1783479
1783482
1783484
1783485
1783486
1783487
1783488
1783489
1783490
1783491
1783492
1783493
1783496
1783498
1783501
1783502
1783504
1783505
1783506
1783507
1783508
1783510
1783511
1783512
1783513
1783514
1783515
1783516
1783517
1783520
1783521
1783522
1783523
1783524
1783525
1783526
1783527
1783528
1783529
1783530
1783531
1783532
1783534
1783535
1783536
1783537
1783538
1783540
1783541
1783542
1783543
1783544
1783547
1783548
1783549
1783550
1789048
1789049
1789050
1789051
1789052
1789053
1789054
1789055
1789230
1789231
1789232
1789233
1789234
1789235
1789236
1789237
1789238
1789239
1797151
1797152
1797153
1797154
1797155
1797156
1797157
1797158
1797159
1797160
1797161
1797162
1797163
1797164
1797165
1797166
1797167
1797168
1797169
1797170
1797171
1797172
1797173
1797174
1797175
1797176
1797177
1797178
1797179
1797180
1797181
1797182
1797183
1797184
1797185
1797186
1797187
1797188
1797189
1797190
1797191
1797192
1797193
1797194
1797195
1797196
1797197
1797198
1797199
1797200
1797201
1797202
1797203
1797204
1797205
1797206
1797207
1797208
1797209
1797210
1797211
1797212
1797213
1797214
1797215
1797216
1797217
1797218
1797219
1797220
1797221
1797222
1797223
1797224
1797225
1797226
1797227
1797228
1797229
1797230
1797231
1797232
1797233
1801059
1801060
1801061
1801062
1801063
1801064
1801065
1801066
1801067
1801068
1801069
1801070
1801071
1801073
1801074
1801075
1815622
1815623
1815624
1815625
1815626
1815627
1815628
1815629
1815630
1815631
1815632
1815633
1815634
1815635
1815636
1815637
1815638
1815639
1815640
1815641
1815642
1815643
1815644
1815645
1815646
1815647
1815648
1815649
1815650
1815651
1815652
1815653
1815654
1815655
1815656
1815657
1815658
1815659
1815660
1815704
1815705
1815706
1815707
1815708
1815709
1815710
1815711
1815712
1815713
1815714
1815715
1815716
1815717
1815718
1815719
1815720
1815721
1815722
1815723
1815724
1815725
1815726
1815727
1815728
1815729
1815730
1815731
1815732
1815733
1815734
1815735
1815736
1815737
1815738
1815739
1815740
1815741
1815742
1815743
1815744
1815745
1815746
1815747
1815748
1815749
1815750
1815751
1815752
1815753
1815754
1815755
1815756
1815757
1815758
1815759
1815760
1815761
1815762
1815763
1818288
1818289
1818291
1818293
1818294
1818295
1818296
1818300
1818303
1818305
1818306
1818307
1818308
1818309
1818310
1818311
1818312
1818315
1818316
1818318
1818319
1818321
1818322
1818323
1818324
1818327
1818328
1818329
1818330
1818332
1818334
1818337
1818338
1818339
1818340
1818341
1818342
1818343
1818344
1818345
1818346
1818347
1819095
1819096
1819097
1819098
1819099
1819100
1819101
1819102
1819103
1819104
1819807
1819808
1820257
1820258
1820259
1820260
1820261
1820262
1820263
1820264
1820265
1820266
1820267
1820268
1820269
1820270
1820271
1823811
1823812
1823813
1823814
1823815
1823816
1823817
1823818
1823819
1823820
1823821
1823822
1823823
1823824
1823825
1823826
1823827
1823828
1823829
1823830
1823831
1823832
1823833
1823834
1834938
1834939
1834940
1838360
1838361
1838362
1838363
1838364
1838365
1838366
1838367
1838368
1838369
1838370
1838371
1838372
1838373
1838374
1838375
1838376
1838377
1838378
1838379
1838380
1838381
1838382
1838383
1838384
1838385
1838386
1838387
1838388
1838389
1838390
1838391
1838392
1838393
1838394
1838395
1838396
1838397
1838398
1838399
1838400
1838401
1838402
1838403
1838404
1838405
1838406
1838407
1838408
1838409
1838410
1838411
1838412
1838413
1838414
1838415
1838416
1838417
1838418
1838419
1838420
1838421
1838422
1838423
1838424
1838425
1838426
1838427
1838428
1838429
1838430
1838431
1838432
1838433
1838434
1838435
1838436
1838437
1838438
1838439
1838440
1838441
1838442
1838443
1838444
1838445
1838446
1838447
1838448
1838449
1838450
1838451
1838452
1838453
1838454
1838455
1838456
1838457
1838458
1838459
1838460
1838463
1838466
1838469
1838473
1838474
1838475
1838476
1838477
1838478
1838479
1838480
1838481
1838482
1838483
1838484
1838485
1838486
1838487
1838488
1838489
1838490
1838491
1838492
1838493
1838494
1842312
1842325
1842354
1842373
1842411
1842428
1842435
1842438
1842441
1842451
1842456
1842460
1842465
1842468
1842473
1842475
1842477
1842482
1842488
1842490
1842495
1842497
1842501
1842574
1842576
1846736
1846737
1846738
1846739
1846740
1846741
1846742
1846743
1846744
1859998
1859999
1860000
1860001
1860002
1860003
1860004
1860005
1860006
1860007
1860008
1860009
1860010
1860011
1860012
1860013
1860014
1860015
1860016
1860017
1860018
1860019
1860020
1861126
1861127
1861128
1861129
1861130
1861131
1861132
1861133
1861134
1861135
1861136
1861137
1861138
1862681
1862682
1862683
1862684
1862685
1862686
1862687
1862688
1862689
1862690
1862691
1862692
1862693
1862694
1862695
1862696
1862697
1862698
1862699
1862700
1862701
1862702
1862703
1862704
1862705
1862706
1862707
1862708
1862709
1862710
1862711
1862712
1862713
1862714
1862715
1862716
1862717
1862718
1862719
1862720
1862721
1862722
1862723
1862724
1862725
1862726
1862727
1862728
1862729
1862730
1862731
1862732
1862733
1862734
1862735
1862736
1862737
1862738
1862739
1862740
1862741
1862743
1862744
1862876
1862877
1863429
1863430
1863431
1863432
1863682
1863683
1863684
1863685
1863686
1863687
1863688
1863689
1863690
1863691
1863692
1863693
1863694
1863695
1863696
1863697
1863698
1863699
1863700
1863701
1863702
1863703
1863704
1863705
1863706
1863707
1863708
1863709
1863710
1863711
1863712
1863713
1863714
1863715
1863716
1863717
1863718
1863719
1863720
1863721
1863722
1863723
1863724
1863725
1863726
1863727
1863728
1863729
1863730
1863731
1863732
1863733
1863734
1863735
1863736
1863737
1863738
1863739
1863740
1863741
1863742
1863743
1863744
1863745
1863746
1863747
1863748
1863749
1863750
1863751
1863752
1863753
1863754
1863755
1863756
1863757
1863758
1863759
1863760
1863761
1863762
1863763
1863764
1863765
1863766
1863767
1863768
1867793
1867794
1867795
1867796
1869508
1869510
1869512
1869513
1869514
1869515
1869516
1869517
1869518
1869519
1870260
1870261
1870262
1870263
1870264
1870265
1870266
1870267
1870268
1870269
1870270
1870271
1870272
1870273
1870274
1870275
1870276
1870277
1870278
1870279
1870280
1870281
1874573
1874574
1874575
1874576
1874577
1874578
1874579
1874580
1889512
1889513
1889514
1889515
1889516
1889517
1889518
1889519
1889520
1889521
1889522
1890072
1890073
1890074
1890075
1890076
1890077
1890078
1890079
1890080
1890081
1890082
1890083
1890084
1890085
1890086
1890087
1890147
1890203
1890227
1890228
1890229
1890230
1890231
1890232
1890233
1890234
1890235
1890236
1890237
1890238
1890239
1890240
1890462
1890463
1890597
1890598
1890599
1890600
1890601
1890602
1890603
1890604
1890605
1890606
1890607
1890608
1890609
1890610
1890611
1890612
1890613
1890833
1890834
1890835
1890836
1890837
1890838
1890839
1890840
1890841
1890842
1890843
1890844
1890845
1890846
1890847
1890848
1890849
1890850
1890851
1890852
1890853
1890854
1890855
1890856
1890857
1890858
1890859
1890860
1890861
1890862
1890863
1890864
1890865
1890866
1890867
1890868
1890869
1890870
1890871
1890872
1890873
1890874
1890875
1890876
1890877
1890878
1890879
1890880
1890881
1890882
1890883
1890884
1890885
1890886
1890887
1890888
1890889
1890890
1890891
1890892
1890893
1890894
1890895
1890896
1890897
1890898
1890899
1890900
1890901
1890902
1890903
1890904
1890905
1890906
1890907
1890908
1890909
1890910
1890911
1890912
1890913
1890914
1890915
1890916
1890917
1890918
1890919
1890920
1890921
1890922
1890923
1890924
1890925
1890926
1890927
1890928
1890930
1890931
1890932
1890933
1890934
1890935
1890936
1890937
1890938
1890939
1890940
1890941
1890942
1890943
1890944
1890945
1890946
1890947
1890948
1890949
1890950
1890951
1890952
1890953
1890954
1890955
1890956
1890957
1890958
1890959
1890960
1890961
1890962
1890963
1890965
1890966
1890967
1890968
1890969
1890970
1890971
1890972
1890973
1890974
1890975
1890976
1890977
1890978
1890979
1890980
1890981
1890982
1891922
1897445
1897446
1897448
1897449
1897450
1897451
1897452
1897453
1897454
1897455
1897456
1897457
1897458
1897459
1897460
1897461
1897462
1897463
1897464
1897465
1897466
1897467
1897468
1897469
1897470
1897471
1897472
1897473
1897474
1897475
1897476
1897477
1897478
1897479
1897480
1897481
1897482
1897483
1897484
1897485
1897486
1897487
1897488
1897489
1897490
1897491
1897492
1897493
1897494
1897495
1897496
1897497
1897499
1897500
1897501
1897502
1897503
1897504
1897505
1897506
1897507
1897508
1897509
1897510
1897511
1897512
1897513
1897514
1897515
1897516
1897517
1897518
1897519
1897520
1897521
1897522
1897523
1897524
1897525
1897526
1897527
1897528
1897529
1897530
1897531
1897532
1897533
1897534
1897535
1897536
1897537
1897538
1897539
1897540
1897541
1897542
1897543
1897544
1897545
1897546
1897547
1897548
1897549
1897550
1897551
1897552
1897553
1897554
1897555
1897556
1897557
1897558
1897559
1897560
1897561
1897562
1897563
1897564
1897565
1897566
1897567
1897568
1897569
1897570
1897571
1897572
1897573
1897574
1897575
1897576
1897577
1897578
1897579
1897580
1897581
1897582
1897583
1897584
1897585
1897586
1897587
1897588
1897589
1897590
1897591
1897592
1897593
1897594
1897595
1897596
1897597
1897598
1897599
1897600
1897601
1897602
1897786
1897788
1898080
1898081
1898082
1898083
1898084
1898085
1898086
1898087
1898088
1898089
1898090
1898091
1898092
1898093
1898094
1898095
1898096
1898097
1898098
1898099
1898100
1898101
1898102
1898103
1898104
1898105
1898106
1898107
1898108
1898109
1898110
1898111
1898112
1898113
1898114
1898115
1898116
1898117
1898118
1898119
1898120
1898121
1898122
1898123
1898124
1898125
1898126
1898127
1898128
1898129
1898130
1898131
1898132
1898133
1898134
1898135
1898136
1898137
1898138
1898139
1898140
1898141
1898142
1898143
1898144
1898385
1898386
1898387
1898388
1898389
1898390
1898391
1898392
1898393
1898394
1898395
1898396
1898397
1898398
1898399
1898400
1898401
1898402
1898403
1898404
1898405
1898406
1898407
1898408
1898409
1898410
1898411
1898412
1898413
1898414
1898415
1898416
1898417
1898418
1898419
1898420
1898421
1898422
1898423
1898424
1898425
1898426
1898427
1898428
1898429
1898430
1898431
1898432
1898433
1898434
1898435
1898436
1898437
1898438
1898439
1898440
1898441
1898442
1898443
1898444
1898445
1898446
1898447
1898448
1898449
1898450
1898451
1898452
1898453
1898454
1898455
1898456
1898457
1898458
1898459
1898460
1898461
1898462
1898463
1898464
1898465
1898466
1898467
1898468
1898469
1898470
1898471
1898472
1898473
1898474
1898475
1898476
1898477
1898478
1898479
1898480
1898481
1898482
1898483
1898484
1898485
1898486
1898487
1898488
1898489
1898490
1898491
1898492
1898493
1898494
1898495
1898496
1898497
1898498
1898499
1898500
1898501
1898502
1898503
1898504
1898505
1898506
1898507
1898508
1898509
1898510
1898511
1898512
1898513
1898514
1898515
1898516
1898517
1898518
1898519
1898520
1898521
1898522
1898523
1898524
1898525
1898526
1898527
1898528
1898529
1898530
1898531
1898532
1898533
1898534
1898535
1898536
1898537
1898538
1898539
1898540
1898541
1898542
1898543
1898544
1898545
1898546
1898547
1898548
1898549
1898550
1898551
1898552
1898553
1898554
1898555
1898556
1898557
1898558
1898559
1898560
1898561
1898562
1898563
1898564
1898565
1898566
1898567
1898568
1898569
1898570
1898571
1898572
1898573
1898574
1898575
1898576
1898577
1898578
1898579
1898580
1898581
1898582
1898583
1898584
1898585
1898586
1898587
1898588
1898589
1898590
1898591
1898592
1898593
1898594
1898595
1898596
1898597
1898598
1898599
1898600
1898601
1898602
1898603
1898604
1898605
1898606
1898607
1898608
1898609
1898610
1898611
1898612
1898613
1898614
1898615
1898616
1898617
1898618
1898619
1898620
1898621
1898622
1899590
1899591
1899592
1899593
1899594
1899595
1899596
1899597
1899598
1899599
1899600
1899601
1899602
1899603
1899604
1899605
1899606
1899607
1899608
1899609
1899610
1899611
1899612
1899613
1899614
1899615
1899616
1899617
1899618
1899619
1899620
1899621
1899622
1899623
1899624
1899625
1899626
1899627
1899628
1899629
1899630
1899631
1899632
1899633
1899634
1899635
1899636
1899637
1899638
1899639
1899640
1899641
1899642
1899643
1899644
1899645
1899646
1899647
1899648
1899649
1899650
1899651
1899652
1899653
1899654
1899655
1899656
1899657
1899658
1899659
1899660
1899661
1899662
1899663
1899664
1899665
1899666
1899667
1899668
1899669
1899670
1899671
1899672
1899673
1899674
1899675
1899676
1899677
1899678
1899679
1899680
1899681
1899682
1899683
1899684
1899685
1899686
1899687
1899688
1899689
1899690
1899691
1899692
1899693
1899694
1899695
1899696
1899697
1899698
1899699
1899700
1899701
1899702
1899703
1899704
1899705
1899706
1899707
1899708
1899709
1899710
1899711
1899712
1899713
1899714
1899715
1899716
1899717
1899718
1899719
1899720
1899721
1899722
1899723
1899724
1899725
1899726
1899727
1899728
1899729
1899730
1899731
1899732
1899733
1899734
1899735
1899736
1899737
1899738
1899739
1899740
1899741
1899742
1899743
1899744
1899745
1899746
1899747
1899748
1899749
1899750
1899751
1899752
1899753
1899754
1899755
1899756
1899757
1899758
1899759
1899760
1899761
1899762
1899763
1899764
1899765
1899766
1899767
1899768
1899769
1899770
1899771
1899772
1899773
1899774
1899775
1899776
1899777
1899778
1899779
1899780
1899781
1899782
1899783
1899784
1899785
1899786
1899787
1899788
1899789
1899790
1899791
1899792
1899793
1899794
1899795
1899796
1899797
1899798
1899799
1899800
1899801
1899802
1899803
1899804
1899805
1899806
1899807
1899808
1899809
1899810
1899811
1899812
1899813
1899814
1899815
1899816
1899817
1899818
1899819
1899820
1899821
1899822
1899823
1899824
1899825
1899826
1899827
1899828
1899829
1899830
1899831
1899832
1899833
1899834
1899835
1899836
1899837
1899838
1899839
1899840
1899841
1899842
1899843
1899844
1899845
1899846
1899847
1899848
1899849
1899850
1899851
1899852
1899853
1899854
1899855
1899856
1899857
1899858
1899859
1899860
1899861
1899862
1899863
1899864
1899865
1899866
1899867
1899868
1899869
1899870
1899871
1899872
1899873
1899874
1899875
1899876
1899877
1899878
1899879
1899880
1899881
1899882
1899883
1899884
1899885
1899886
1899887
1899888
1899889
1899890
1899891
1899892
1899893
1899894
1899895
1899896
1899897
1899898
1899899
1899900
1899901
1899902
1899903
1899904
1899905
1899906
1899907
1899908
1899909
1899910
1899911
1899912
1899913
1899914
1899915
1899916
1899917
1899918
1899919
1899920
1899921
1899922
1899923
1899924
1899925
1899926
1899927
1899928
1899929
1899930
1899931
1899932
1899933
1899934
1899935
1899936
1899937
1899938
1899939
1899940
1899941
1899942
1899943
1899944
1899945
1899946
1899947
1899948
1899949
1899950
1899951
1899952
1899953
1899954
1899955
1899956
1899957
1899958
1899959
1899960
1899961
1899962
1899963
1899964
1899965
1899966
1899967
1899968
1899969
1899970
1899971
1899972
1899973
1899974
1899975
1899976
1899977
1899978
1899979
1899980
1899981
1899982
1899983
1899984
1899985
1899986
1899987
1899988
1899989
1899990
1899991
1899992
1899993
1899994
1899995
1899996
1899997
1899998
1899999
1900000
1900001
1900002
1900003
1900004
1900005
1900006
1900007
1900008
1900009
1900010
1900011
1900012
1900013
1900014
1900015
1900016
1900017
1900018
1900019
1900020
1900021
1900022
1900023
1900024
1900025
1900026
1900027
1900028
1900029
1900030
1900031
1900032
1900033
1900034
1900035
1900036
1900037
1900038
1900039
1900040
1900041
1900042
1900043
1900044
1900045
1900046
1900047
1900048
1900049
1900050
1900051
1900052
1900053
1900054
1900055
1900056
1900057
1900058
1900059
1900060
1900061
1900062
1900063
1900064
1900065
1900066
1900067
1900068
1900069
1900070
1900071
1900072
1900073
1900074
1900075
1900076
1900077
1900078
1900079
1900080
1900081
1900082
1900083
1900084
1900085
1900086
1900087
1900088
1900089
1900090
1900091
1900092
1900093
1900094
1900095
1900096
1900097
1900098
1900099
1900100
1900101
1900102
1900103
1900104
1900105
1900106
1900107
1900108
1900109
1900110
1900111
1900112
1900113
1900114
1900115
1900116
1900117
1900118
1900119
1900120
1900121
1900122
1900123
1900124
1900125
1900126
1900127
1900128
1900129
1900130
1900131
1900132
1900133
1900134
1900135
1900136
1900137
1900138
1900139
1900140
1900141
1900142
1900143
1900144
1900145
1900146
1900147
1900148
1900149
1900150
1900151
1900152
1900153
1900154
1900155
1900156
1900157
1900158
1900159
1900160
1900161
1900162
1900163
1900164
1900165
1900166
1900167
1900168
1900169
1900170
1900171
1900172
1900173
1900174
1900175
1900176
1900177
1900178
1900179
1900180
1900181
1900182
1900183
1900184
1900185
1900186
1900187
1900188
1900189
1900190
1900191
1900192
1900193
1900194
1900195
1900196
1900197
1900198
1900199
1900200
1900201
1900202
1900203
1900204
1900205
1900206
1900207
1900208
1900209
1900210
1900211
1900212
1900213
1900214
1900215
1900216
1900217
1900218
1900219
1900220
1900221
1900222
1900223
1900224
1900225
1900226
1900227
1900228
1900229
1900230
1900231
1900232
1900233
1900234
1900235
1900236
1900237
1900238
1900239
1900240
1900241
1900242
1900243
1900244
1900245
1900246
1900247
1900248
1900249
1900250
1900251
1900252
1900253
1900254
1900255
1900256
1900257
1900258
1900261
1900262
1901050
1901051
1901052
1901053
1901064
1901065
1901066
1901067
1901068
1901069
1901070
1901071
1909590
1909591
1909594
1910121
1910122
1910123
1910124
1910125
1910126
1910127
1910128
1910129
1910130
1910131
1910132
1910133
1910134
1910135
1910136
1910137
1910138
1910139
1910140
1910141
1910142
1910143
1910144
1910145
1910146
1910147
1910148
1910149
1910150
1910151
1910152
1910153
1910154
1910155
1910156
1910157
1910158
1910159
1910160
1910161
1910162
1910163
1910164
1910165
1910166
1910167
1910168
1910169
1910170
1910171
1910172
1910173
1910174
1910175
1910176
1910177
1910178
1910179
1910180
1910181
1910182
1910183
1910184
1910185
1910186
1910187
1910188
1910189
1910190
1910191
1910192
1910193
1910194
1910195
1910196
1910197
1910198
1910199
1910200
1910201
1910202
1910203
1910204
1910205
1910206
1910207
1910208
1910209
1910210
1910211
1910212
1910213
1910214
1910215
1910216
1910217
1910218
1910219
1910220
1910221
1910222
1910223
1910224
1910225
1910226
1910227
1910228
1910229
1910230
1910231
1910232
1910233
1910234
1910235
1910236
1910237
1910238
1910239
1910240
1910241
1910242
1910243
1910244
1910245
1910246
1910247
1910786
1910787
1910830
1910840
1910841
1910842
1910843
1910844
1910845
1910846
1910847
1910848
1910867
1910869
1910870
1910872
1910876
1913331
1913334
1913343
1913349
1913350
1913388
1913389
1913390
1913391
1913394
1913395
1913399
1913400
1913401
1913402
1913403
1913404
1913405
1913407
1913420
1913449
1913467
1913475
1913476
1913477
1913478
1913485
1913507
1913513
1913979
1913980
1913981
1913982
1913983
1913984
1913985
1913986
1913987
1913988
1913989
1913990
1913991
1913992
1913993
1913994
1913995
1913996
1913997
1913998
1913999
1914000
1914001
1914002
1914003
1914004
1914005
1914006
1914007
1914008
1914009
1914010
1914011
1914012
1914013
1914014
1914015
1914016
1914017
1914018
1914019
1914020
1914021
1914022
1914023
1914024
1914025
1914026
1914027
1914028
1914029
1914030
1914031
1914032
1914033
1914034
1914035
1914036
1914037
1914038
1914039
1914040
1914041
1914042
1914043
1914044
1914045
1914046
1914047
1914048
1914049
1914050
1914051
1914052
1914053
1914054
1914055
1914056
1914057
1914058
1914059
1914060
1914061
1914062
1914063
1914064
1914065
1914066
1914067
1914068
1914069
1914070
1914071
1914072
1914073
1914074
1914075
1914076
1914077
1914078
1914079
1914080
1914081
1914082
1914083
1914084
1914085
1914086
1914087
1914088
1914089
1914090
1914091
1914092
1914093
1914094
1914095
1914096
1914097
1914098
1914099
1914100
1914101
1914102
1914103
1914104
1914105
1914106
1914107
1914108
1914109
1914110
1914111
1914112
1914113
1914114
1914115
1914116
1914117
1914118
1914119
1914124
1914125
1915855
1915856
1915857
1915858
1915859
1915860
1915861
1915862
1915863
1915864
1915865
1915866
1915867
1915868
1915869
1915870
1915871
1915872
1915873
1915874
1915875
1915876
1915877
1915878
1915879
1915880
1915881
1915882
1915883
1915884
1915885
1915886
1915887
1915888
1915889
1915890
1915891
1915892
1915893
1915894
1915895
1915896
1915897
1915898
1915899
1915900
1921412
1921413
1921414
1921415
1921416
1921417
1921418
1921419
1921420
1921421
1921422
1921423
1921424
1921425
1921426
1921427
1921428
1921429
1921430
1921431
1921432
1921433
1921434
1921435
1921436
1921437
1921438
1921439
1921440
1921441
1921442
1921443
1921444
1921445
1921446
1921447
1921448
1921449
1921450
1921451
1921452
1921453
1921454
1921455
1921456
1921457
1921458
1921459
1921460
1921461
1921462
1921463
1921464
1921465
1921466
1921467
1921468
1921469
1921470
1921471
1921472
1921473
1921474
1921475
1921476
1921477
1921478
1921479
1921480
1921481
1921482
1921483
1921484
1921485
1921486
1921487
1921488
1921489
1921490
1921491
1921492
1921493
1921494
1921495
1921496
1921497
1921498
1921499
1921500
1921501
1921502
1921503
1921504
1921505
1921506
1921507
1921508
1921509
1921510
1921511
1921512
1921513
1921514
1921515
1921516
687448
687804
688013
688015
749709
749710
749711
749712
749713
749714
749715
749716
749717
948071
948145
948147
948181
948187
